
--DQN stats--
>> Episodes taken to solve (reach score: 195.0):
Mean: 156.2
Std: 92.82327294380434
Max: 336
Min: 83

>> Rewards:
Mean:
[ 16.5  20.6  22.3  18.7  21.3  18.3  16.4  18.5  17.3  14.   18.9  11.8
  19.   14.   19.7  13.7  13.4  18.2  16.   17.1  14.1  14.4  15.8  12.7
  14.   14.3  18.4  16.1  16.4  21.9  18.8  23.2  21.5  21.   17.7  15.5
  14.9  19.1  18.   17.   18.6  18.7  15.5  21.8  15.1  21.1  22.8  22.1
  20.7  33.7  22.9  21.7  25.1  33.6  28.3  35.9  47.8  25.5  32.2  30.7
  31.1  37.4  34.1  34.1  44.9  34.4  42.3  40.5  55.1  56.   47.3  66.7
  63.   55.6  68.5  55.5  53.1  62.2  79.1  63.8  67.2  79.5  91.3  84.1
 115.7  85.1  87.8  95.4 103.  106.8  98.4 121.6 113.2 120.2 126.3 121.3
 134.6 135.2 107.  139.2 138.7 134.7 134.3 130.9 140.7 137.1 142.9 140.5
 149.9 154.7 154.2 166.5 152.9 152.5 157.4 154.  157.3 147.3 155.3 164.3
 168.2 164.3 179.4 173.8 166.4 167.5 165.7 170.8 168.9 177.1 168.4 165.
 182.  164.2 174.4 175.8 167.8 173.7 173.5 176.8 178.8 166.7 170.3 179.3
 176.4 176.1 179.  176.7 174.5 170.7 172.5 177.  172.2 180.  180.6 169.4
 171.8 175.1 181.7 177.9 170.  169.6 190.8 177.2 165.3 174.  175.7 171.3
 176.  178.2 171.3 170.2 172.  178.1 175.6 168.6 164.4 166.7 169.1 181.
 166.4 165.9 178.3 178.  171.8 177.4 172.9 185.7 173.6 174.7 181.6 172.5
 182.6 184.1 183.7 180.  183.6 187.7 182.2 178.  170.2 186.5 193.5 175.5
 170.7 181.7 171.2 182.4 191.6 181.5 184.5 176.5 168.4 182.3 182.9 180.9
 174.4 180.3 177.2 166.1 177.7 176.8 178.5 185.8 178.4 176.4 177.4 177.3
 178.  175.6 168.8 177.  180.1 178.1 182.1 176.6 180.2 185.2 184.8 166.6
 188.2 182.5 184.1 196.2 189.1 187.1 177.2 177.2 177.1 177.4 177.3 170.2
 179.9 183.1 182.  174.5 171.8 158.9 173.5 178.8 179.3 178.8 178.  178.9
 178.4 177.5 177.3 176.8 176.8 172.7 173.3 176.4 177.8 177.4 176.9 177.8
 176.2 177.1 177.2 177.7 177.4 179.7 177.4 170.4 183.2 180.9 175.  189.
 195.1 195.8 191.8 192.9 190.9 191.7 190.9 190.9 190.5 192.  190.9 190.1
 188.5 187.7 187.2 188.7 193.8 192.7 192.2 195.8 192.9 193.  195.8 194.3
 192.4 191.5 190.9 192.5 194.  191.7 192.6 190.7 194.4 190.6 193.6 191.9
 193.1 191.2 194.2 195.4 194.3 195.  191.9 194.1 192.4 191.5 195.2 191.7
 193.6 195.4 195.4 193.9 195.4 195.4 194.2 195.4 195.4 195.4 195.4 195.4
 194.7 193.5 195.4 195.4 195.4 195.4 195.4 195.4]
Std:
[ 9.9121138  11.90965994 11.79025021  8.97830719 10.7893466   6.43506022
  6.26418391  5.74891294  6.18142378  5.38516481  6.28410694  2.92574777
  7.33484833  4.93963561  9.01165911  4.64865572  3.0724583  10.67520492
  4.79583152  5.73498038  2.11896201  3.92937654  3.84187454  4.5177428
  4.75394573  3.84837628  9.96192752  5.97411081  7.98999374  8.88200428
  9.06421535 10.85172797 20.34330357  8.24621125 13.06942998  6.53069675
  6.94910066  6.94910066 10.91787525  7.21110255 13.36562756  8.31925477
  3.23264598 10.56219674  3.80657326 12.98036979 14.68196172 13.56060471
  9.55039266 42.64047373 13.54584807 12.11651765 15.05622795 26.49603744
 20.87127212 42.7397941  38.22512263 18.5        21.0751038  20.51852821
 22.39843745 18.61289875 25.27231687 26.39488587 30.03814242 19.20520763
 23.66875578 19.64306493 53.46858891 37.27733896 25.51489761 45.34765705
 48.24313423 31.63289427 50.92396293 53.59897387 51.32143802 47.74264341
 58.69659275 43.54951205 52.40954112 59.47478457 60.89671584 63.17349128
 70.39325252 60.23528866 71.2920753  67.72621354 78.319857   71.46579601
 80.23615145 73.48360361 72.33920099 62.88211192 74.28600137 71.97923312
 65.60365843 65.38776644 78.07048098 61.67949416 60.88850466 66.45758046
 67.25927445 61.32772619 70.87601851 66.39796684 59.28650774 64.92495668
 56.578176   52.10191935 56.29174007 49.08818595 56.47025766 56.30319707
 51.68790961 53.20150374 51.76301769 62.50447984 60.31757621 42.02868068
 43.41382268 56.23530919 36.97620857 30.75646274 44.39639625 46.23256428
 47.0043615  39.54187654 42.5169378  41.38224257 43.70629245 49.57418683
 28.05708467 48.40206607 39.71196293 43.03905203 50.45552497 36.08337567
 37.89261142 44.23980108 42.8434359  49.59848788 49.23017367 32.42236882
 38.72776782 40.0585821  38.90501253 43.42361109 45.40759848 44.43433357
 43.82522105 37.98157448 45.23671076 30.77011537 42.59389628 45.4030836
 47.87441906 47.6433626  33.53222331 44.4127234  51.95767508 48.06495605
 15.34796403 36.83965255 51.53649193 35.40621414 38.15245733 38.78156779
 43.30357953 28.55450928 41.55971607 41.3516626  38.4629692  31.03691351
 32.24965116 46.74227209 50.10229536 46.52107049 45.78307548 22.49888886
 50.29751485 51.97393578 32.39151123 38.3588321  44.84149864 28.23543873
 39.25417175 30.60735206 39.54035913 36.27685212 25.12449004 42.16455858
 19.6936538  26.8270386  29.50271174 34.16430886 32.07241806 24.61727036
 33.64758535 31.06122985 42.74763151 22.61526033  7.33825592 33.45220471
 41.41509387 35.40070621 46.38706716 37.52119401  9.06862724 31.77813714
 26.39412813 37.61715034 50.13820898 26.43501466 38.99858972 42.9894173
 55.91994278 43.81335413 56.08885807 61.15627523 54.58946785 54.62929617
 52.19051638 29.6270147  47.91701159 55.5035134  55.48909803 55.45096933
 53.01509219 53.52980478 54.70063985 53.70474839 44.4127234  53.38998033
 41.396739   50.84722215 27.2646291  32.10545125 33.30405381 60.13351811
 23.12055363 30.72214185 35.40183611  1.83303028 20.4276773  21.956548
 56.08885807 56.08885807 56.38874001 55.48909803 55.78897741 54.27301355
 47.9926036  38.39908853 41.69652264 48.80010246 51.8648243  73.21263552
 54.66854672 42.85977135 48.44801338 49.94757251 52.34691968 49.64765856
 51.14723844 53.84654121 54.44639566 55.94604544 55.94604544 55.13991295
 55.82123252 53.18684048 52.94676572 54.14646803 55.64611397 52.94676572
 41.63844377 55.04625328 54.74632408 53.24669004 54.14646803 47.24838622
 54.14646803 53.85944671 36.75268698 43.64962772 53.36853005 19.37008002
  1.57797338  1.6        10.99818167  7.72593036 13.68539367 11.29645962
 13.68539367 13.68539367 14.88119619  6.57267069  9.4493386  10.51142236
 13.54437152 14.88657113 17.98221343 20.26844839  5.07543102  8.31925477
  9.80612054  1.6         7.72593036  7.42967025  1.6         3.63455637
  9.21086315 11.89327541 13.68539367  8.91347295  4.49444101 11.29645962
  8.61626369 14.28320692  3.35261092 14.58218091  5.66038868  9.3
  5.7        11.4         2.4         1.2         2.1         0.
  9.3         2.7         7.8        10.5         0.6         9.9
  4.2         1.2         1.2         3.3         1.2         1.2
  2.4         1.2         1.2         1.2         1.2         1.2
  0.9         4.5         1.2         1.2         1.2         1.2
  1.2         1.2       ]

>> Time:
Trial  1 :  3.511537007490794
Trial  2 :  1.415964460372925
Trial  3 :  1.7542524456977844
Trial  4 :  1.7369037429491678
Trial  5 :  1.2577067772547403
Trial  6 :  1.3852240959803264
Trial  7 :  8.067363619804382
Trial  8 :  1.7058449864387513
Trial  9 :  1.7397260824839273
Trial  10 :  7.620658095677694
>>Total time taken:  30.195181314150492
