
--DQN stats--
>> Episodes taken to solve (reach score: 195.0):
Mean: 90.0
Std: 0.0
Max: 90
Min: 90

>> Rewards:
Mean:
[0.      0.      0.      0.      0.      0.      0.      0.      0.46875
 0.      0.      0.      0.      0.525   0.      0.      0.      0.
 0.      0.65625 0.68125 0.      0.81875 0.      0.      0.      0.
 0.      0.      0.      0.      0.      0.      0.      0.      0.
 0.      0.      0.      0.      0.      0.      0.      0.      0.
 0.      0.      0.      0.      0.      0.      0.      0.      0.
 0.      0.      0.      0.      0.      0.      0.      0.      0.
 0.      0.      0.      0.      0.      0.      0.      0.      0.
 0.      0.      0.      0.      0.      0.      0.      0.      0.59375
 0.      0.      0.      0.      0.      0.      0.      0.1     0.
 0.      0.      0.      0.      0.5125  0.      0.46875 0.      0.
 0.     ]
Std:
[0. 0. 0. 0. 0. 0. 0. 0. 0. 0. 0. 0. 0. 0. 0. 0. 0. 0. 0. 0. 0. 0. 0. 0.
 0. 0. 0. 0. 0. 0. 0. 0. 0. 0. 0. 0. 0. 0. 0. 0. 0. 0. 0. 0. 0. 0. 0. 0.
 0. 0. 0. 0. 0. 0. 0. 0. 0. 0. 0. 0. 0. 0. 0. 0. 0. 0. 0. 0. 0. 0. 0. 0.
 0. 0. 0. 0. 0. 0. 0. 0. 0. 0. 0. 0. 0. 0. 0. 0. 0. 0. 0. 0. 0. 0. 0. 0.
 0. 0. 0. 0.]

>> Time:
Trial  1 :  9.686278506120045
>>Total time taken:  9.686278506120045
