
>> Rewards over last 1 trial(s)
Last:
[[0.      0.      0.      0.45    0.      0.      0.      0.      0.
  0.      0.      0.      0.      0.      0.      0.58125 0.      0.
  0.      0.      0.      0.      0.      0.      0.     ]]
Mean:
[0.      0.      0.      0.45    0.      0.      0.      0.      0.
 0.      0.      0.      0.      0.      0.      0.58125 0.      0.
 0.      0.      0.      0.      0.      0.      0.     ]
Std:
[0. 0. 0. 0. 0. 0. 0. 0. 0. 0. 0. 0. 0. 0. 0. 0. 0. 0. 0. 0. 0. 0. 0. 0.
 0.]
Best augment:


>> Time:
Total time taken:  2.0931636532147726

>> Rewards over last 2 trial(s)
Last:
[[0.      0.      0.      0.45    0.      0.      0.      0.      0.
  0.      0.      0.      0.      0.      0.      0.58125 0.      0.
  0.      0.      0.      0.      0.      0.      0.     ]
 [0.1375  0.      0.      0.      0.      0.      0.2125  0.      0.
  0.      0.      0.      0.      0.      0.      0.      0.      0.
  0.      0.      0.      0.      0.      0.      0.     ]]
Mean:
[0.06875  0.       0.       0.225    0.       0.       0.10625  0.
 0.       0.       0.       0.       0.       0.       0.       0.290625
 0.       0.       0.       0.       0.       0.       0.       0.
 0.      ]
Std:
[0.06875  0.       0.       0.225    0.       0.       0.10625  0.
 0.       0.       0.       0.       0.       0.       0.       0.290625
 0.       0.       0.       0.       0.       0.       0.       0.
 0.      ]
Best augment:


>> Time:
Total time taken:  2.2023006399472553

>> Rewards over last 3 trial(s)
Last:
[[0.      0.      0.      0.45    0.      0.      0.      0.      0.
  0.      0.      0.      0.      0.      0.      0.58125 0.      0.
  0.      0.      0.      0.      0.      0.      0.     ]
 [0.1375  0.      0.      0.      0.      0.      0.2125  0.      0.
  0.      0.      0.      0.      0.      0.      0.      0.      0.
  0.      0.      0.      0.      0.      0.      0.     ]
 [0.      0.      0.14375 0.      0.      0.      0.      0.      0.
  0.      0.      0.      0.      0.      0.      0.      0.      0.
  0.825   0.      0.      0.725   0.      0.      0.     ]]
Mean:
[0.04583333 0.         0.04791667 0.15       0.         0.
 0.07083333 0.         0.         0.         0.         0.
 0.         0.         0.         0.19375    0.         0.
 0.275      0.         0.         0.24166667 0.         0.
 0.        ]
Std:
[0.06481812 0.         0.0677644  0.21213203 0.         0.
 0.10017346 0.         0.         0.         0.         0.
 0.         0.         0.         0.27400388 0.         0.
 0.38890873 0.         0.         0.34176828 0.         0.
 0.        ]
Best augment:


>> Time:
Total time taken:  2.1456685940424602

>> Rewards over last 4 trial(s)
Last:
[[0.      0.      0.      0.45    0.      0.      0.      0.      0.
  0.      0.      0.      0.      0.      0.      0.58125 0.      0.
  0.      0.      0.      0.      0.      0.      0.     ]
 [0.1375  0.      0.      0.      0.      0.      0.2125  0.      0.
  0.      0.      0.      0.      0.      0.      0.      0.      0.
  0.      0.      0.      0.      0.      0.      0.     ]
 [0.      0.      0.14375 0.      0.      0.      0.      0.      0.
  0.      0.      0.      0.      0.      0.      0.      0.      0.
  0.825   0.      0.      0.725   0.      0.      0.     ]
 [0.19375 0.      0.      0.      0.      0.23125 0.      0.      0.
  0.      0.      0.      0.      0.      0.      0.      0.      0.
  0.      0.      0.      0.      0.48125 0.      0.     ]]
Mean:
[0.0828125 0.        0.0359375 0.1125    0.        0.0578125 0.053125
 0.        0.        0.        0.        0.        0.        0.
 0.        0.1453125 0.        0.        0.20625   0.        0.
 0.18125   0.1203125 0.        0.       ]
Std:
[0.085167   0.         0.06224558 0.19485572 0.         0.10013419
 0.0920152  0.         0.         0.         0.         0.
 0.         0.         0.         0.25168863 0.         0.
 0.35723548 0.         0.         0.31393421 0.20838736 0.
 0.        ]
Best augment:


>> Time:
Total time taken:  2.1911134084065753

>> Rewards over last 5 trial(s)
Last:
[[0.      0.      0.      0.45    0.      0.      0.      0.      0.
  0.      0.      0.      0.      0.      0.      0.58125 0.      0.
  0.      0.      0.      0.      0.      0.      0.     ]
 [0.1375  0.      0.      0.      0.      0.      0.2125  0.      0.
  0.      0.      0.      0.      0.      0.      0.      0.      0.
  0.      0.      0.      0.      0.      0.      0.     ]
 [0.      0.      0.14375 0.      0.      0.      0.      0.      0.
  0.      0.      0.      0.      0.      0.      0.      0.      0.
  0.825   0.      0.      0.725   0.      0.      0.     ]
 [0.19375 0.      0.      0.      0.      0.23125 0.      0.      0.
  0.      0.      0.      0.      0.      0.      0.      0.      0.
  0.      0.      0.      0.      0.48125 0.      0.     ]
 [0.      0.175   0.      0.      0.      0.      0.      0.      0.
  0.      0.      0.      0.      0.      0.      0.      0.      0.
  0.      0.      0.      0.      0.      0.      0.     ]]
Mean:
[0.06625 0.035   0.02875 0.09    0.      0.04625 0.0425  0.      0.
 0.      0.      0.      0.      0.      0.      0.11625 0.      0.
 0.165   0.      0.      0.145   0.09625 0.      0.     ]
Std:
[0.08306624 0.07       0.0575     0.18       0.         0.0925
 0.085      0.         0.         0.         0.         0.
 0.         0.         0.         0.2325     0.         0.
 0.33       0.         0.         0.29       0.1925     0.
 0.        ]
Best augment:


>> Time:
Total time taken:  2.2191651225090028

>> Rewards over last 6 trial(s)
Last:
[[0.      0.      0.      0.45    0.      0.      0.      0.      0.
  0.      0.      0.      0.      0.      0.      0.58125 0.      0.
  0.      0.      0.      0.      0.      0.      0.     ]
 [0.1375  0.      0.      0.      0.      0.      0.2125  0.      0.
  0.      0.      0.      0.      0.      0.      0.      0.      0.
  0.      0.      0.      0.      0.      0.      0.     ]
 [0.      0.      0.14375 0.      0.      0.      0.      0.      0.
  0.      0.      0.      0.      0.      0.      0.      0.      0.
  0.825   0.      0.      0.725   0.      0.      0.     ]
 [0.19375 0.      0.      0.      0.      0.23125 0.      0.      0.
  0.      0.      0.      0.      0.      0.      0.      0.      0.
  0.      0.      0.      0.      0.48125 0.      0.     ]
 [0.      0.175   0.      0.      0.      0.      0.      0.      0.
  0.      0.      0.      0.      0.      0.      0.      0.      0.
  0.      0.      0.      0.      0.      0.      0.     ]
 [0.      0.      0.      0.      0.      0.      0.      0.      0.
  0.      0.      0.      0.      0.      0.25625 0.      0.      0.4875
  0.      0.      0.      0.      0.      0.      0.     ]]
Mean:
[0.05520833 0.02916667 0.02395833 0.075      0.         0.03854167
 0.03541667 0.         0.         0.         0.         0.
 0.         0.         0.04270833 0.096875   0.         0.08125
 0.1375     0.         0.         0.12083333 0.08020833 0.
 0.        ]
Std:
[0.07974705 0.06521865 0.05357246 0.1677051  0.         0.08618179
 0.07919407 0.         0.         0.         0.         0.
 0.         0.         0.09549874 0.21661909 0.         0.18168052
 0.30745935 0.         0.         0.27019155 0.17935129 0.
 0.        ]
Best augment:


>> Time:
Total time taken:  2.1933380802472433

>> Rewards over last 7 trial(s)
Last:
[[0.      0.      0.      0.45    0.      0.      0.      0.      0.
  0.      0.      0.      0.      0.      0.      0.58125 0.      0.
  0.      0.      0.      0.      0.      0.      0.     ]
 [0.1375  0.      0.      0.      0.      0.      0.2125  0.      0.
  0.      0.      0.      0.      0.      0.      0.      0.      0.
  0.      0.      0.      0.      0.      0.      0.     ]
 [0.      0.      0.14375 0.      0.      0.      0.      0.      0.
  0.      0.      0.      0.      0.      0.      0.      0.      0.
  0.825   0.      0.      0.725   0.      0.      0.     ]
 [0.19375 0.      0.      0.      0.      0.23125 0.      0.      0.
  0.      0.      0.      0.      0.      0.      0.      0.      0.
  0.      0.      0.      0.      0.48125 0.      0.     ]
 [0.      0.175   0.      0.      0.      0.      0.      0.      0.
  0.      0.      0.      0.      0.      0.      0.      0.      0.
  0.      0.      0.      0.      0.      0.      0.     ]
 [0.      0.      0.      0.      0.      0.      0.      0.      0.
  0.      0.      0.      0.      0.      0.25625 0.      0.      0.4875
  0.      0.      0.      0.      0.      0.      0.     ]
 [0.      0.      0.      0.      0.      0.      0.      0.      0.
  0.      0.      0.      0.      0.1125  0.      0.      0.      0.
  0.      0.      0.      0.      0.      0.      0.     ]]
Mean:
[0.04732143 0.025      0.02053571 0.06428571 0.         0.03303571
 0.03035714 0.         0.         0.         0.         0.
 0.         0.01607143 0.03660714 0.08303571 0.         0.06964286
 0.11785714 0.         0.         0.10357143 0.06875    0.
 0.        ]
Std:
[0.07631709 0.06123724 0.05030202 0.1574672  0.         0.08092064
 0.07435951 0.         0.         0.         0.         0.
 0.         0.0393668  0.08966882 0.20339513 0.         0.17058946
 0.28868986 0.         0.         0.25369715 0.16840242 0.
 0.        ]
Best augment:


>> Time:
Total time taken:  2.1756970405578615

>> Rewards over last 8 trial(s)
Last:
[[0.      0.      0.      0.45    0.      0.      0.      0.      0.
  0.      0.      0.      0.      0.      0.      0.58125 0.      0.
  0.      0.      0.      0.      0.      0.      0.     ]
 [0.1375  0.      0.      0.      0.      0.      0.2125  0.      0.
  0.      0.      0.      0.      0.      0.      0.      0.      0.
  0.      0.      0.      0.      0.      0.      0.     ]
 [0.      0.      0.14375 0.      0.      0.      0.      0.      0.
  0.      0.      0.      0.      0.      0.      0.      0.      0.
  0.825   0.      0.      0.725   0.      0.      0.     ]
 [0.19375 0.      0.      0.      0.      0.23125 0.      0.      0.
  0.      0.      0.      0.      0.      0.      0.      0.      0.
  0.      0.      0.      0.      0.48125 0.      0.     ]
 [0.      0.175   0.      0.      0.      0.      0.      0.      0.
  0.      0.      0.      0.      0.      0.      0.      0.      0.
  0.      0.      0.      0.      0.      0.      0.     ]
 [0.      0.      0.      0.      0.      0.      0.      0.      0.
  0.      0.      0.      0.      0.      0.25625 0.      0.      0.4875
  0.      0.      0.      0.      0.      0.      0.     ]
 [0.      0.      0.      0.      0.      0.      0.      0.      0.
  0.      0.      0.      0.      0.1125  0.      0.      0.      0.
  0.      0.      0.      0.      0.      0.      0.     ]
 [0.      0.      0.      0.      0.      0.      0.      0.      0.
  0.      0.      0.      0.      0.      0.      0.      0.      0.
  0.      0.      0.      0.      0.      0.      0.     ]]
Mean:
[0.04140625 0.021875   0.01796875 0.05625    0.         0.02890625
 0.0265625  0.         0.         0.         0.         0.
 0.         0.0140625  0.03203125 0.07265625 0.         0.0609375
 0.103125   0.         0.         0.090625   0.06015625 0.
 0.        ]
Std:
[0.07308342 0.05787581 0.04754084 0.14882351 0.         0.07647875
 0.07027777 0.         0.         0.         0.         0.
 0.         0.03720588 0.08474672 0.19223037 0.         0.16122547
 0.2728431  0.         0.         0.23977121 0.15915848 0.
 0.        ]
Best augment:


>> Time:
Total time taken:  2.197811317443848
