population:40,
final policy
[3 3 3 1 3 3 3 1 1 3 3 1 3 3 3 0 2] 

Best Q
[[789.32915028 787.37011249 770.75501198 762.21666502 787.03347598
  811.77284161 827.04467446 756.96143579 809.2245052  694.19872567
  769.10482542 759.16156459 794.94393051 749.37538171 752.49318759
  855.93689752 797.44699507]
 [774.22418048 781.32872659 840.54720008 729.8568789  794.19148111
  716.92881353 877.88554182 902.04082101 746.08835824 685.51646849
  759.09026548 864.60819598 785.28443238 770.98799922 751.34758124
  732.37975269 775.3788229 ]
 [774.81803113 811.77105612 812.72114733 732.41360207 826.26606044
  802.0263649  820.87917074 763.41700892 768.75717167 692.08357231
  694.38718196 766.16852902 777.14823974 748.09413933 757.47723394
  750.3441535  820.22800509]
 [781.97337609 836.63739578 753.06059502 716.75266425 783.59834457
  798.48053546 805.2211125  760.89112108 708.93382163 762.28098095
  866.69477941 883.14290709 750.96874028 765.18780901 730.16638531
  744.13748708 782.81228253]] 

Best reward
123.46930278369751 

Best augment
[11 19  4 15 32 36 24 24 33 38 49 16 28 25 35 24 32 19 10 41  1 25  6 15
 25  4 48 19 35 41 14 24  8 13  2 33 44  7 47 43 41 36 26 15  1 29 21  7
 23 18 42  6 49 46  3  7 20  7 12 14 49 27 39 37 16  6  3 23] 