
--DQN with evoRewards stats--
>> Episodes taken to solve (reach score: 195.0):
Mean: 118.30000000000001
Std: 85.54069207108392
Max: 366
Min: 55

>> Rewards:
Mean:
[ 47.4  67.2  53.9  67.   83.9  66.   66.9  68.7  84.9  64.5  65.   62.8
  60.1  49.2  58.7  51.6  54.9  66.1  48.4  54.   50.2  56.1  46.4  61.2
  50.8  44.3  53.9  50.3  66.7  53.7  55.7  47.6  59.   55.9  68.   59.
  56.4  63.5  58.9  75.9  80.6  65.4  74.2  76.3  77.8  79.4  69.5  78.7
  76.4  89.7  99.3  89.9  81.2  86.1  77.9  92.7  85.4  82.6  90.4  83.1
  78.9  90.9  93.2  79.8  97.3  87.5  94.1  84.   98.   77.5 109.5  99.5
 108.3 104.6 128.4 134.3 121.  114.1 125.3 137.7 140.  141.5 146.2 149.1
 148.4 130.6 139.7 134.6 142.7 142.9 146.9 144.9 154.8 139.7 143.6 155.8
 154.5 151.8 151.9 154.3 144.5 157.9 155.4 157.8 152.  162.1 161.1 156.7
 156.  163.9 163.9 167.2 154.  161.2 158.4 160.  156.6 162.4 168.6 180.8
 174.2 180.2 171.7 173.8 180.  179.9 176.6 180.8 181.2 181.1 180.6 177.5
 179.8 180.  177.6 179.6 176.3 179.2 180.3 180.3 179.5 178.9 182.5 180.8
 179.3 179.1 177.5 178.3 178.7 179.  179.9 178.7 180.4 179.7 179.  182.5
 180.8 181.8 183.5 180.3 181.4 179.3 181.2 179.  180.2 183.5 187.4 180.
 182.1 178.9 185.  181.5 186.1 178.6 180.3 179.3 178.7 183.8 181.5 182.2
 179.2 180.6 181.2 184.1 186.7 182.4 182.5 182.6 184.1 183.7 186.5 186.6
 190.1 188.7 190.  187.6 187.9 187.4 186.6 195.4 185.3 193.3 195.4 192.1
 190.1 195.4 191.4 187.1 187.4 193.  193.  190.7 191.5 187.9 192.3 190.3
 190.6 190.3 186.7 193.5 187.3 188.  187.6 185.9 187.8 187.4 183.7 192.7
 184.4 190.3 184.  185.1 182.  191.4 193.5 181.8 184.9 180.9 187.5 194.5
 185.5 184.9 181.7 182.2 188.  183.5 187.1 182.1 180.2 180.6 180.5 181.
 188.5 186.  181.  184.7 182.5 182.8 186.2 184.7 192.3 185.  192.4 188.3
 183.8 185.  182.4 181.1 184.5 181.5 181.3 180.7 184.2 185.1 186.4 183.2
 182.7 185.9 185.4 188.  193.6 181.6 184.3 183.8 181.1 182.8 182.  181.5
 180.9 183.4 181.5 180.2 181.8 183.9 182.1 183.7 195.4 183.1 181.4 192.7
 186.9 185.3 187.9 189.8 190.4 188.3 185.3 184.7 182.3 185.7 191.6 188.5
 186.2 183.6 185.3 191.6 181.1 192.9 181.6 192.8 195.4 181.5 180.1 181.9
 183.1 182.8 188.4 187.9 187.  195.4 193.7 195.4 186.  191.3 185.3 182.9
 186.  185.7 184.4 182.7 185.9 182.4 182.  185.5 181.6 181.3 192.9 190.4
 195.4 187.9 184.  186.3 195.4 184.7 183.  195.4 195.4 185.6 187.4 184.5
 195.4 195.4 184.  193.9 187.6 192.  195.4 195.1 194.7 192.7 195.4 195.4
 195.4 195.4 192.3 195.4 195.4 195.4 195.4 195.4 195.4 195.4 195.4 195.4
 195.4 195.4]
Std:
[12.81561547 30.11245589 22.46975745 30.26879581 23.67889356 24.04163056
 13.66345491 25.56579746 24.30411488 31.75925062 25.66709956 31.83959799
 22.3939724  27.24995413 24.99619971 20.78076033 35.96790236 46.43156254
 13.5218342  23.13871215 21.19811312 35.40748508 19.33494246 23.59576233
 17.43444866 18.39592346 20.41788432 13.04645546 31.25715918 21.60115738
 28.69163641 17.31011265 23.19482701 24.23406693 47.96873982 31.22819239
 19.81514572 37.56926936 45.35074421 38.81868107 45.59210458 46.88539218
 48.77458355 44.79966518 54.65125799 46.02216857 47.48315491 48.5037112
 49.98639815 57.21022636 54.31399451 60.18878633 47.20338971 64.88212389
 47.39504193 55.81227464 50.7881876  43.55272667 56.17864363 48.31035086
 45.96400766 46.95199676 46.69646668 48.71714277 49.78363185 46.50860136
 46.77488642 38.31187805 50.7010848  44.12992182 53.52242521 46.38372559
 56.05363503 59.02575709 60.81151207 60.71416639 51.72040216 51.31169457
 63.90469466 56.77508256 64.7811701  63.07495541 60.4876847  57.482954
 64.01437339 71.12833472 69.09855281 68.16333325 65.46915304 62.15536984
 60.94825674 65.83836268 56.57349203 71.74684662 66.03514216 56.41595519
 56.00580327 59.64193156 58.09208208 57.75993421 64.75530866 61.82467145
 58.66890147 55.42165642 61.67657578 54.2668407  58.6846658  60.90492591
 61.88699379 50.83787958 64.2284205  50.36030183 56.15692299 58.49581182
 61.0265516  46.15192304 57.67876559 53.98740594 53.41198367 46.63432212
 49.86541888 48.43304657 51.01382166 44.19909501 44.48145681 49.33244369
 48.77540364 46.63432212 45.43522862 45.73499754 47.23388614 44.33339599
 49.63224758 49.03264219 50.72908436 50.2318624  49.38835895 50.09151625
 46.79326875 46.79326875 49.19197089 50.99107765 40.19763675 45.29414973
 47.1        47.7        52.5        50.1        48.9        48.
 45.3        48.9        43.8        45.9        48.         37.5
 42.6        39.6        34.5        44.1        40.8        47.1
 41.4        48.         44.4        34.5        22.8        45.
 38.7        48.3        30.         40.5        26.7        49.2
 44.1        47.1        48.9        33.6        40.5        38.4
 47.4        43.2        41.4        32.7        24.9        37.8
 37.5        37.2        32.7        33.9        25.5        25.2
 14.7        18.9        15.         22.2        21.3        22.8
 25.2         1.2        29.1         5.1         1.2         8.7
 14.7         1.2        10.8        23.7        22.8         6.
  6.         12.9        10.5        21.3         8.1        14.1
 13.2        14.1        24.9         4.5        23.1        21.
 22.2        27.3        21.6        22.8        33.9         6.9
 31.8        14.1        33.         29.7        39.         10.8
  4.5        39.6        30.3        42.3        22.5         1.5
 28.5        30.3        39.9        38.4        21.         34.5
 23.7        38.7        44.4        43.2        43.5        42.
 19.5        27.         42.         30.9        37.5        36.6
 26.4        30.9         8.1        30.          7.8        20.1
 33.6        30.         37.8        41.7        31.5        40.5
 41.1        42.9        32.4        29.7        25.8        35.4
 36.9        27.3        28.8        21.          4.2        40.2
 32.1        33.6        41.7        36.6        39.         40.5
 42.3        34.8        40.5        44.4        39.6        33.3
 38.7        33.9         1.2        35.7        40.8         6.9
 24.3        29.1        21.3        15.6        13.8        20.1
 29.1        30.9        38.1        27.9        10.2        19.5
 26.4        34.2        29.1        10.2        41.7         6.3
 40.2         6.6         1.2        40.5        44.7        39.3
 35.7        36.6        19.8        21.3        24.          1.2
  3.9         1.2        27.         11.1        29.1        36.3
 27.         27.9        31.8        36.9        27.3        37.8
 39.         28.5        40.2        41.1         6.3        13.8
  1.2        21.3        33.         26.1         1.2        30.9
 36.          1.2         1.2        28.2        22.8        31.5
  1.2         1.2        33.          3.3        22.2         9.
  1.2         0.3         0.9         6.9         1.2         1.2
  1.2         1.2         8.1         1.2         1.2         1.2
  1.2         1.2         1.2         1.2         1.2         1.2
  1.2         1.2       ]
Best augment:
[[ 7  2  0 -9]
 [-5 -1  8 -1]]

>> Time:
Trial  1 :  17.863370525836945
Trial  2 :  45.70003517071406
Trial  3 :  39.842066848278044
Trial  4 :  78.63485116958618
Trial  5 :  68.58900874853134
Trial  6 :  58.49540753364563
Trial  7 :  153.39827250242234
Trial  8 :  320.66105864048006
Trial  9 :  125.40750907262166
Trial  10 :  114.7033976594607
>>Total time taken:  1023.294977871577
